[[[ 8.4568443  3.5880664]
  [ 0.         0.       ]
  [ 0.         0.       ]
  ...
  [ 0.         0.       ]
  [ 0.         0.       ]
  [ 0.         0.       ]]

 [[ 9.1255301  3.6585832]
  [ 0.         0.       ]
  [ 0.         0.       ]
  ...
  [ 0.         0.       ]
  [ 0.         0.       ]
  [ 0.         0.       ]]

 [[ 9.787146   3.8494445]
  [ 0.         0.       ]
  [ 0.         0.       ]
  ...
  [ 0.         0.       ]
  [ 0.         0.       ]
  [ 0.         0.       ]]

 ...

 [[11.731818   4.3205627]
  [12.08777    5.751949 ]
  [ 0.         0.       ]
  ...
  [ 0.         0.       ]
  [ 0.         0.       ]
  [ 0.         0.       ]]

 [[12.381302   4.4967932]
  [11.746306   5.7298146]
  [ 0.         0.       ]
  ...
  [ 0.         0.       ]
  [ 0.         0.       ]
  [ 0.         0.       ]]

 [[ 0.         0.       ]
  [11.175158   5.8362471]
  [ 0.         0.       ]
  ...
  [ 0.         0.       ]
  [ 0.         0.       ]
  [ 0.         0.       ]]]
